0    0
0.0017313    0
0.0034626    0.990919
0.00519391    0.990656
0.00692521    0.990294
0.00865651    0.990031
0.0103878    0.99023
0.0121191    0.991251
0.0138504    0.993061
0.0155817    0.994684
0.017313    0.99362
0.0190443    0.985455
0.0207756    0.963861
0.0225069    0.921135
0.0242382    0.849309
0.0259695    0.741682
0.0277008    0.594507
0.0294321    0.408453
0.0311634    0.189457
0.0328947    -0.0513285
0.034626    -0.298604
0.0363573    -0.534911
0.0380886    -0.743212
0.0398199    -0.90957
0.0415512    -1.0254
0.0432825    -1.08883
0.0450139    -1.10482
0.0467452    -1.08407
0.0484765    -1.04092
0.0502078    -0.990611
0.0519391    -0.946566
0.0536704    -0.91823
0.0554017    -0.909828
0.057133    -0.920308
0.0588643    -0.944369
0.0605956    -0.974275
0.0623269    -1.002
0.0640582    -1.02116
0.0657895    -1.02838
0.0675208    -1.02374
0.0692521    -1.01032
0.0709834    -0.992993
0.0727147    -0.976913
0.074446    -0.965888
0.0761773    -0.961226
0.0779086    -0.961175
0.0796399    -0.96109
0.0813712    -0.954217
0.0831025    -0.932873
0.0848338    -0.889764
0.0865651    -0.819135
0.0882964    -0.717595
0.0900277    -0.584518
0.091759    -0.422047
0.0934903    -0.234818
0.0952216    -0.0295215
0.0969529    0.18559
0.0986842    0.401188
0.100416    0.607376
0.102147    0.794265
0.103878    0.952682
0.105609    1.07502
0.107341    1.15617
0.109072    1.19441
0.110803    1.19202
0.112535    1.1554
0.114266    1.09462
0.115997    1.02225
0.117729    0.951665
0.11946    0.895039
0.121191    0.861422
0.122922    0.855277
0.124654    0.875817
0.126385    0.917301
0.128116    0.97029
0.129848    1.02359
0.131579    1.06653
0.13331    1.09098
0.135042    1.09284
0.136773    1.07248
0.138504    1.03417
0.140235    0.984605
0.141967    0.930843
0.143698    0.878241
0.145429    0.828796
0.147161    0.780352
0.148892    0.726864
0.150623    0.659676
0.152355    0.569536
0.154086    0.448901
0.155817    0.294005
0.157548    0.106237
0.15928    -0.107482
0.161011    -0.335418
0.162742    -0.562671
0.164474    -0.773425
0.166205    -0.953342
0.167936    -1.09164
0.169668    -1.18247
0.171399    -1.22547
0.17313    -1.22535
0.174861    -1.19079
0.176593    -1.13291
0.178324    -1.06355
0.180055    -0.993793
0.181787    -0.932837
0.183518    -0.887289
0.185249    -0.860939
0.186981    -0.854856
0.188712    -0.867693
0.190443    -0.896096
0.192175    -0.93516
0.193906    -0.978904
0.195637    -1.0208
0.197368    -1.05435
0.1991    -1.07377
0.200831    -1.0746
0.202562    -1.05428
0.204294    -1.01244
0.206025    -0.950832
0.207756    -0.872888
0.209488    -0.782877
0.211219    -0.68485
0.21295    -0.581606
0.214681    -0.47393
0.216413    -0.360351
0.218144    -0.237543
0.219875    -0.101352
0.221607    0.0517322
0.223338    0.222994
0.225069    0.410179
0.226801    0.606827
0.228532    0.802493
0.230263    0.983933
0.231994    1.13708
0.233726    1.24944
0.235457    1.31248
0.237188    1.32343
0.23892    1.28608
0.240651    1.2105
0.242382    1.11149
0.244114    1.00622
0.245845    0.911385
0.247576    0.840607
0.249307    0.802353
0.251039    0.798953
0.25277    0.826737
0.254501    0.87723
0.256233    0.93908
0.257964    1.00026
0.259695    1.05013
0.261427    1.08084
0.263158    1.08807
0.264889    1.07089
0.26662    1.03095
0.268352    0.971404
0.270083    0.895733
0.271814    0.80683
0.273546    0.706533
0.275277    0.595607
0.277008    0.474089
0.27874    0.341841
0.280471    0.199087
0.282202    0.0468115
0.283934    -0.113084
0.285665    -0.277833
0.287396    -0.443983
0.289127    -0.607602
0.290859    -0.764413
0.29259    -0.909835
0.294321    -1.03899
0.296053    -1.14679
0.297784    -1.22813
0.299515    -1.27849
0.301247    -1.29468
0.302978    -1.27579
0.304709    -1.22408
0.30644    -1.14547
0.308172    -1.04956
0.309903    -0.948779
0.311634    -0.856919
0.313366    -0.787055
0.315097    -0.749328
0.316828    -0.748986
0.31856    -0.785152
0.320291    -0.85063
0.322022    -0.932884
0.323753    -1.01605
0.325485    -1.08363
0.327216    -1.12128
0.328947    -1.11926
0.330679    -1.07385
0.33241    -0.98759
0.334141    -0.868319
0.335873    -0.72715
0.337604    -0.575961
0.339335    -0.424936
0.341066    -0.2807
0.342798    -0.145442
0.344529    -0.0171798
0.34626    0.108955
0.347992    0.238777
0.349723    0.376942
0.351454    0.525179
0.353186    0.681298
0.354917    0.839151
0.356648    0.989558
0.35838    1.12194
0.360111    1.22626
0.361842    1.29491
0.363573    1.32399
0.365305    1.31404
0.367036    1.26979
0.368767    1.19937
0.370499    1.11304
0.37223    1.02177
0.373961    0.935886
0.375693    0.864088
0.377424    0.812748
0.379155    0.785585
0.380886    0.783563
0.382618    0.804947
0.384349    0.845441
0.38608    0.89842
0.387812    0.955304
0.389543    1.00614
0.391274    1.04049
0.393006    1.04852
0.394737    1.02228
0.396468    0.956944
0.398199    0.851679
0.399931    0.710041
0.401662    0.539624
0.403393    0.351001
0.405125    0.15609
0.406856    -0.0337636
0.408587    -0.209589
0.410319    -0.366089
0.41205    -0.502132
0.413781    -0.620328
0.415512    -0.725747
0.417244    -0.824106
0.418975    -0.91983
0.420706    -1.01447
0.422438    -1.10591
0.424169    -1.1885
0.4259    -1.2542
0.427632    -1.29448
0.429363    -1.30251
0.431094    -1.27508
0.432825    -1.21395
0.434557    -1.12614
0.436288    -1.02308
0.438019    -0.918857
0.439751    -0.82784
0.441482    -0.76218
0.443213    -0.729717
0.444945    -0.732674
0.446676    -0.767385
0.448407    -0.82504
0.450139    -0.893266
0.45187    -0.958164
0.453601    -1.00642
0.455332    -1.02707
0.457064    -1.01272
0.458795    -0.959992
0.460526    -0.869417
0.462258    -0.744744
0.463989    -0.592041
0.46572    -0.418728
0.467452    -0.232735
0.469183    -0.0418473
0.470914    0.146749
0.472645    0.326789
0.474377    0.493169
0.476108    0.642158
0.477839    0.771565
0.479571    0.880809
0.481302    0.970819
0.483033    1.04371
0.484765    1.10221
0.486496    1.14896
0.488227    1.18576
0.489958    1.21298
0.49169    1.22942
0.493421    1.23251
0.495152    1.21914
0.496884    1.18675
0.498615    1.13456
0.500346    1.06465
0.502078    0.982423
0.503809    0.896396
0.50554    0.817119
0.507271    0.755436
0.509003    0.72036
0.510734    0.717004
0.512465    0.745043
0.514197    0.798097
0.515928    0.86425
0.517659    0.927689
0.519391    0.971183
0.521122    0.978963
0.522853    0.939422
0.524584    0.847118
0.526316    0.70366
0.528047    0.517341
0.529778    0.301584
0.53151    0.0725681
0.533241    -0.15348
0.534972    -0.362778
0.536704    -0.545789
0.538435    -0.698025
0.540166    -0.819792
0.541898    -0.915047
0.543629    -0.98969
0.54536    -1.04975
0.547091    -1.09989
0.548823    -1.14246
0.550554    -1.17735
0.552285    -1.20254
0.554017    -1.21504
0.555748    -1.21207
0.557479    -1.19212
0.559211    -1.1556
0.560942    -1.10499
0.562673    -1.0446
0.564404    -0.979881
0.566136    -0.916647
0.567867    -0.860274
0.569598    -0.81509
0.57133    -0.783976
0.573061    -0.768172
0.574792    -0.767213
0.576524    -0.778929
0.578255    -0.799449
0.579986    -0.823226
0.581717    -0.843169
0.583449    -0.850963
0.58518    -0.837699
0.586911    -0.794833
0.588643    -0.715399
0.590374    -0.595335
0.592105    -0.434618
0.593837    -0.237954
0.595568    -0.0147641
0.597299    0.221654
0.59903    0.455741
0.600762    0.671833
0.602493    0.856482
0.604224    1.00049
0.605956    1.10021
0.607687    1.15788
0.609418    1.1808
0.61115    1.17958
0.612881    1.16589
0.614612    1.14998
0.616343    1.13879
0.618075    1.13481
0.619806    1.13609
0.621537    1.13729
0.623269    1.13147
0.625    1.11229
0.626731    1.07592
0.628463    1.02237
0.630194    0.955767
0.631925    0.883709
0.633657    0.815629
0.635388    0.760742
0.637119    0.725956
0.63885    0.714221
0.640582    0.723692
0.642313    0.747843
0.644044    0.776485
0.645776    0.79744
0.647507    0.798517
0.649238    0.769374
0.65097    0.702969
0.652701    0.596376
0.654432    0.450935
0.656163    0.271816
0.657895    0.0671951
0.659626    -0.152763
0.661357    -0.376919
0.663089    -0.594078
0.66482    -0.793766
0.666551    -0.966897
0.668283    -1.10637
0.670014    -1.20761
0.671745    -1.26901
0.673476    -1.29224
0.675208    -1.28216
0.676939    -1.2464
0.67867    -1.19448
0.680402    -1.13652
0.682133    -1.08172
0.683864    -1.03697
0.685596    -1.00579
0.687327    -0.987863
0.689058    -0.979455
0.690789    -0.974457
0.692521    -0.966036
0.694252    -0.948436
0.695983    -0.918531
0.697715    -0.876721
0.699446    -0.82693
0.701177    -0.775647
0.702909    -0.730203
0.70464    -0.696667
0.706371    -0.677876
0.708102    -0.672084
0.709834    -0.672615
0.711565    -0.668669
0.713296    -0.647157
0.715028    -0.595216
0.716759    -0.502876
0.71849    -0.36529
0.720222    -0.184059
0.721953    0.0326506
0.723684    0.271215
0.725416    0.514662
0.727147    0.745327
0.728878    0.947522
0.730609    1.1097
0.732341    1.22575
0.734072    1.29524
0.735803    1.32264
0.737535    1.31594
0.739266    1.28481
0.740997    1.23892
0.742729    1.18657
0.74446    1.13397
0.746191    1.08504
0.747922    1.04169
0.749654    1.00442
0.751385    0.972829
0.753116    0.946137
0.754848    0.923369
0.756579    0.903426
0.75831    0.885029
0.760042    0.866684
0.761773    0.846755
0.763504    0.823665
0.765235    0.796173
0.766967    0.763614
0.768698    0.725973
0.770429    0.683703
0.772161    0.637266
0.773892    0.586508
0.775623    0.530037
0.777355    0.46483
0.779086    0.386291
0.780817    0.288855
0.782548    0.167128
0.78428    0.0173654
0.786011    -0.161018
0.787742    -0.364291
0.789474    -0.583955
0.791205    -0.807207
0.792936    -1.01837
0.794668    -1.20111
0.796399    -1.34097
0.79813    -1.42787
0.799861    -1.45792
0.801593    -1.43422
0.803324    -1.36638
0.805055    -1.26896
0.806787    -1.15893
0.808518    -1.05283
0.810249    -0.964139
0.811981    -0.901244
0.813712    -0.866617
0.815443    -0.857078
0.817175    -0.865146
0.818906    -0.881069
0.820637    -0.895077
0.822368    -0.899345
0.8241    -0.889286
0.825831    -0.863949
0.827562    -0.825537
0.829294    -0.778225
0.831025    -0.726643
0.832756    -0.674402
0.834488    -0.622998
0.836219    -0.571331
0.83795    -0.515897
0.839681    -0.451543
0.841413    -0.372592
0.843144    -0.274055
0.844875    -0.152686
0.846607    -0.00769388
0.848338    0.158969
0.850069    0.342716
0.851801    0.536752
0.853532    0.732693
0.855263    0.921264
0.856994    1.09301
0.858726    1.23902
0.860457    1.35156
0.862188    1.42486
0.86392    1.4557
0.865651    1.44405
0.867382    1.39341
0.869114    1.31087
0.870845    1.2066
0.872576    1.09295
0.874307    0.982947
0.876039    0.888575
0.87777    0.81902
0.879501    0.779225
0.881233    0.769074
0.882964    0.783427
0.884695    0.813044
0.886427    0.846273
0.888158    0.871186
0.889889    0.877742
0.89162    0.85952
0.893352    0.814658
0.895083    0.745796
0.896814    0.659043
0.898546    0.562213
0.900277    0.46274
0.902008    0.365771
0.90374    0.272881
0.905471    0.181734
0.907202    0.0867572
0.908934    -0.019297
0.910665    -0.143286
0.912396    -0.289573
0.914127    -0.458384
0.915859    -0.645007
0.91759    -0.840036
0.919321    -1.03061
0.921053    -1.20239
0.922784    -1.34189
0.924515    -1.43862
0.926247    -1.4867
0.927978    -1.48563
0.929709    -1.44016
0.93144    -1.35929
0.933172    -1.25473
0.934903    -1.13921
0.936634    -1.02475
0.938366    -0.921447
0.940097    -0.83666
0.941828    -0.774693
0.94356    -0.736884
0.945291    -0.721931
0.947022    -0.726309
0.948753    -0.744714
0.950485    -0.7705
0.952216    -0.796141
0.953947    -0.813803
0.955679    -0.816033
0.95741    -0.796565
0.959141    -0.751127
0.960873    -0.678105
0.962604    -0.578861
0.964335    -0.457583
0.966066    -0.320593
0.967798    -0.175214
0.969529    -0.0283851
0.97126    0.114659
0.972992    0.251324
0.974723    0.38194
0.976454    0.509271
0.978186    0.63732
0.979917    0.769664
0.981648    0.907739
0.98338    1.04951
0.985111    1.18892
0.986842    1.31631
0.988573    1.4199
0.990305    1.48793
0.992036    1.51119
0.993767    1.4852
0.995499    1.41171
0.99723    1.29895
0.998961    1.1607
1.00069    1.01416
1.00242    0.877149
1.00416    0.765127
1.00589    0.688661
1.00762    0.651853
1.00935    0.651981
1.01108    0.680394
1.01281    0.724416
1.01454    0.769803
1.01627    0.803232
1.01801    0.814337
1.01974    0.796916
1.02147    0.749202
1.0232    0.673261
1.02493    0.57378
1.02666    0.456628
1.02839    0.327524
1.03012    0.191109
1.03186    0.0505463
1.03359    -0.0923721
1.03532    -0.236759
1.03705    -0.382015
1.03878    -0.52728
1.04051    -0.671074
1.04224    -0.811206
1.04398    -0.944887
1.04571    -1.06895
1.04744    -1.18009
1.04917    -1.27495
1.0509    -1.35026
1.05263    -1.40278
1.05436    -1.42946
1.05609    -1.42771
1.05783    -1.39591
1.05956    -1.33411
1.06129    -1.24474
1.06302    -1.13314
1.06475    -1.00769
1.06648    -0.8793
1.06821    -0.760265
1.06994    -0.662552
1.07168    -0.595829
1.07341    -0.565575
1.07514    -0.57174
1.07687    -0.608267
1.0786    -0.663693
1.08033    -0.722784
1.08206    -0.768947
1.0838    -0.786967
1.08553    -0.765539
1.08726    -0.699074
1.08899    -0.58843
1.09072    -0.440431
1.09245    -0.266294
1.09418    -0.0793391
1.09591    0.107521
1.09765    0.283971
1.09938    0.443714
1.10111    0.584879
1.10284    0.709402
1.10457    0.821596
1.1063    0.926317
1.10803    1.02719
1.10976    1.12527
1.1115    1.21855
1.11323    1.30218
1.11496    1.36952
1.11669    1.41364
1.11842    1.42878
1.12015    1.41176
1.12188    1.36267
1.12361    1.28506
1.12535    1.18544
1.12708    1.0724
1.12881    0.955413
1.13054    0.843709
1.13227    0.745303
1.134    0.666285
1.13573    0.610392
1.13747    0.578814
1.1392    0.570153
1.14093    0.580501
1.14266    0.603618
1.14439    0.631266
1.14612    0.65377
1.14785    0.660845
1.14958    0.642694
1.15132    0.591292
1.15305    0.501652
1.15478    0.372851
1.15651    0.208554
1.15824    0.016847
1.15997    -0.190689
1.1617    -0.400568
1.16343    -0.5994
1.16517    -0.775927
1.1669    -0.922689
1.16863    -1.03695
1.17036    -1.12068
1.17209    -1.17956
1.17382    -1.22127
1.17555    -1.2534
1.17729    -1.2814
1.17902    -1.30729
1.18075    -1.32909
1.18248    -1.34141
1.18421    -1.33698
1.18594    -1.30869
1.18767    -1.25176
1.1894    -1.16555
1.19114    -1.05437
1.19287    -0.927334
1.1946    -0.797033
1.19633    -0.6774
1.19806    -0.581179
1.19979    -0.517516
1.20152    -0.490198
1.20325    -0.496869
1.20499    -0.529378
1.20672    -0.575161
1.20845    -0.619335
1.21018    -0.647097
1.21191    -0.64594
1.21364    -0.607325
1.21537    -0.527554
1.21711    -0.407801
1.21884    -0.253414
1.22057    -0.0727437
1.2223    0.12423
1.22403    0.327177
1.22576    0.52644
1.22749    0.713697
1.22922    0.882311
1.23096    1.02744
1.23269    1.14599
1.23442    1.23662
1.23615    1.29959
1.23788    1.33668
1.23961    1.35101
1.24134    1.34661
1.24307    1.32794
1.24481    1.29916
1.24654    1.2635
1.24827    1.22273
1.25    1.17698
1.25173    1.12497
1.25346    1.06469
1.25519    0.994401
1.25693    0.913678
1.25866    0.824312
1.26039    0.730676
1.26212    0.639445
1.26385    0.55859
1.26558    0.495805
1.26731    0.456683
1.26904    0.443027
1.27078    0.451756
1.27251    0.474704
1.27424    0.499469
1.27597    0.511238
1.2777    0.495261
1.27943    0.439516
1.28116    0.337009
1.28289    0.187239
1.28463    -0.00349578
1.28636    -0.223016
1.28809    -0.455228
1.28982    -0.682731
1.29155    -0.889538
1.29328    -1.06337
1.29501    -1.19711
1.29675    -1.28919
1.29848    -1.34293
1.30021    -1.36507
1.30194    -1.36388
1.30367    -1.34731
1.3054    -1.32154
1.30713    -1.29027
1.30886    -1.25461
1.3106    -1.2138
1.31233    -1.1661
1.31406    -1.10994
1.31579    -1.04471
1.31752    -0.971312
1.31925    -0.892132
1.32098    -0.810707
1.32271    -0.731126
1.32445    -0.657365
1.32618    -0.592729
1.32791    -0.539464
1.32964    -0.498554
1.33137    -0.469657
1.3331    -0.451083
1.33483    -0.439781
1.33657    -0.431302
1.3383    -0.419827
1.34003    -0.398351
1.34176    -0.359152
1.34349    -0.2946
1.34522    -0.198289
1.34695    -0.0663431
1.34868    0.101352
1.35042    0.300296
1.35215    0.521178
1.35388    0.750531
1.35561    0.972232
1.35734    1.16968
1.35907    1.32826
1.3608    1.43769
1.36253    1.49363
1.36427    1.49835
1.366    1.4602
1.36773    1.39188
1.36946    1.30804
1.37119    1.22253
1.37292    1.14595
1.37465    1.08404
1.37639    1.03721
1.37812    1.00114
1.37985    0.968593
1.38158    0.931565
1.38331    0.883611
1.38504    0.821582
1.38677    0.746462
1.3885    0.66313
1.39024    0.579122
1.39197    0.502738
1.3937    0.440939
1.39543    0.39755
1.39716    0.372166
1.39889    0.359987
1.40062    0.3526
1.40235    0.339478
1.40409    0.309873
1.40582    0.254668
1.40755    0.167853
1.40928    0.0473714
1.41101    -0.104735
1.41274    -0.282792
1.41447    -0.478389
1.4162    -0.681463
1.41794    -0.881349
1.41967    -1.06767
1.4214    -1.23103
1.42313    -1.36351
1.42486    -1.45909
1.42659    -1.51402
1.42832    -1.52722
1.43006    -1.50054
1.43179    -1.43887
1.43352    -1.34994
1.43525    -1.24365
1.43698    -1.13099
1.43871    -1.02265
1.44044    -0.927494
1.44217    -0.851236
1.44391    -0.795625
1.44564    -0.75832
1.44737    -0.733576
1.4491    -0.713623
1.45083    -0.690457
1.45256    -0.65766
1.45429    -0.611821
1.45602    -0.553207
1.45776    -0.485509
1.45949    -0.414691
1.46122    -0.347214
1.46295    -0.288042
1.46468    -0.238937
1.46641    -0.197476
1.46814    -0.157079
1.46988    -0.108099
1.47161    -0.0397677
1.47334    0.0573956
1.47507    0.189257
1.4768    0.356326
1.47853    0.553008
1.48026    0.768025
1.48199    0.985948
1.48373    1.18952
1.48546    1.36232
1.48719    1.49125
1.48892    1.56833
1.49065    1.59161
1.49238    1.56501
1.49411    1.4972
1.49584    1.39989
1.49758    1.28591
1.49931    1.16729
1.50104    1.05394
1.50277    0.952798
1.5045    0.867611
1.50623    0.799272
1.50796    0.746407
1.5097    0.706111
1.51143    0.674629
1.51316    0.64791
1.51489    0.622001
1.51662    0.593335
1.51835    0.55895
1.52008    0.516683
1.52181    0.465339
1.52355    0.40478
1.52528    0.335869
1.52701    0.260224
1.52874    0.179747
1.53047    0.0960132
1.5322    0.00963928
1.53393    -0.0801859
1.53566    -0.175828
1.5374    -0.280863
1.53913    -0.399252
1.54086    -0.534132
1.54259    -0.686479
1.54432    -0.853947
1.54605    -1.03022
1.54778    -1.20511
1.54952    -1.36557
1.55125    -1.49741
1.55298    -1.58756
1.55471    -1.62644
1.55644    -1.60981
1.55817    -1.53991
1.5599    -1.42543
1.56163    -1.28032
1.56337    -1.12164
1.5651    -0.966844
1.56683    -0.831009
1.56856    -0.724576
1.57029    -0.652012
1.57202    -0.611622
1.57375    -0.596508
1.57548    -0.596403
1.57722    -0.599962
1.57895    -0.596992
1.58068    -0.580177
1.58241    -0.545972
1.58414    -0.494571
1.58587    -0.429041
1.5876    -0.353937
1.58934    -0.273753
1.59107    -0.191622
1.5928    -0.108537
1.59453    -0.0232385
1.59626    0.0672695
1.59799    0.16675
1.59972    0.278592
1.60145    0.404769
1.60319    0.545135
1.60492    0.697154
1.60665    0.856085
1.60838    1.01549
1.61011    1.16793
1.61184    1.3057
1.61357    1.42141
1.6153    1.50852
1.61704    1.56176
1.61877    1.5774
1.6205    1.55372
1.62223    1.49136
1.62396    1.3937
1.62569    1.26709
1.62742    1.12072
1.62916    0.966091
1.63089    0.815906
1.63262    0.682588
1.63435    0.5765
1.63608    0.504265
1.63781    0.467504
1.63954    0.462326
1.64127    0.479765
1.64301    0.507159
1.64474    0.53027
1.64647    0.535757
1.6482    0.513499
1.64993    0.458301
1.65166    0.370585
1.65339    0.255949
1.65512    0.123663
1.65686    -0.0155352
1.65859    -0.151856
1.66032    -0.278522
1.66205    -0.393011
1.66378    -0.497209
1.66551    -0.596444
1.66724    -0.697652
1.66898    -0.807122
1.67071    -0.928364
1.67244    -1.06061
1.67417    -1.19832
1.6759    -1.33177
1.67763    -1.44866
1.67936    -1.53632
1.68109    -1.58405
1.68283    -1.58515
1.68456    -1.53814
1.68629    -1.44705
1.68802    -1.32073
1.68975    -1.17139
1.69148    -1.01274
1.69321    -0.858086
1.69494    -0.718673
1.69668    -0.602637
1.69841    -0.514481
1.70014    -0.45513
1.70187    -0.422357
1.7036    -0.411423
1.70533    -0.415772
1.70706    -0.427686
1.7088    -0.43889
1.71053    -0.441154
1.71226    -0.426927
1.71399    -0.390029
1.71572    -0.326356
1.71745    -0.234488
1.71918    -0.11604
1.72091    0.0243888
1.72265    0.179757
1.72438    0.341586
1.72611    0.501291
1.72784    0.651575
1.72957    0.787575
1.7313    0.90748
1.73303    1.01244
1.73476    1.10571
1.7365    1.19129
1.73823    1.27226
1.73996    1.3493
1.74169    1.41979
1.74342    1.47779
1.74515    1.51493
1.74688    1.52213
1.74861    1.49171
1.75035    1.41956
1.75208    1.30671
1.75381    1.15993
1.75554    0.991194
1.75727    0.816063
1.759    0.651221
1.76073    0.511708
1.76247    0.408401
1.7642    0.346238
1.76593    0.32354
1.76766    0.332537
1.76939    0.360936
1.77112    0.39419
1.77285    0.417974
1.77458    0.420377
1.77632    0.393441
1.77805    0.333817
1.77978    0.242547
1.78151    0.124149
1.78324    -0.0146929
1.78497    -0.166495
1.7867    -0.324115
1.78843    -0.481485
1.79017    -0.633901
1.7919    -0.777937
1.79363    -0.911158
1.79536    -1.03177
1.79709    -1.13837
1.79882    -1.22983
1.80055    -1.30526
1.80229    -1.36408
1.80402    -1.406
1.80575    -1.43084
1.80748    -1.43838
1.80921    -1.42809
1.81094    -1.39895
1.81267    -1.34961
1.8144    -1.27874
1.81614    -1.18569
1.81787    -1.07138
1.8196    -0.939046
1.82133    -0.794726
1.82306    -0.647156
1.82479    -0.50702
1.82652    -0.385533
1.82825    -0.292586
1.82999    -0.234782
1.83172    -0.213811
1.83345    -0.225546
1.83518    -0.26016
1.83691    -0.303336
1.83864    -0.338415
1.84037    -0.349112
1.84211    -0.322281
1.84384    -0.250184
1.84557    -0.131794
1.8473    0.0271206
1.84903    0.215153
1.85076    0.4174
1.85249    0.618128
1.85422    0.803415
1.85596    0.963229
1.85769    1.09255
1.85942    1.19138
1.86115    1.26371
1.86288    1.31575
1.86461    1.35392
1.86634    1.38304
1.86807    1.40509
1.86981    1.4189
1.87154    1.42064
1.87327    1.40506
1.875    1.36703
1.87673    1.30307
1.87846    1.21255
1.88019    1.09818
1.88193    0.96588
1.88366    0.823947
1.88539    0.681887
1.88712    0.549039
1.88885    0.433344
1.89058    0.340413
1.89231    0.273008
1.89404    0.230922
1.89578    0.211189
1.89751    0.208502
1.89924    0.215747
1.90097    0.224586
1.9027    0.226095
1.90443    0.211458
1.90616    0.17276
1.90789    0.103861
1.90963    0.00128313
1.91136    -0.135026
1.91309    -0.301227
1.91482    -0.489605
1.91655    -0.689165
1.91828    -0.886832
1.92001    -1.06912
1.92175    -1.22398
1.92348    -1.34262
1.92521    -1.42064
1.92694    -1.45864
1.92867    -1.46171
1.9304    -1.4382
1.93213    -1.39783
1.93386    -1.34958
1.9356    -1.2999
1.93733    -1.25154
1.93906    -1.20326
1.94079    -1.15065
1.94252    -1.08766
1.94425    -1.00862
1.94598    -0.910202
1.94771    -0.792893
1.94945    -0.661541
1.95118    -0.524873
1.95291    -0.394046
1.95464    -0.280518
1.95637    -0.193736
1.9581    -0.139107
1.95983    -0.116725
1.96157    -0.121105
1.9633    -0.141984
1.96503    -0.165999
1.96676    -0.178901
1.96849    -0.167841
1.97022    -0.123314
1.97195    -0.0404213
1.97368    0.0806947
1.97542    0.235234
1.97715    0.414746
1.97888    0.608495
1.98061    0.804889
1.98234    0.992739
1.98407    1.16219
1.9858    1.30534
1.98753    1.41649
1.98927    1.49227
1.991    1.53161
1.99273    1.5357
1.99446    1.50778
1.99619    1.45295
1.99792    1.37766
1.99965    1.28906
2.00139    1.19415
2.00312    1.09883
2.00485    1.00714
2.00658    0.920695
2.00831    0.838758
2.01004    0.758719
2.01177    0.677135
2.0135    0.591008
2.01524    0.499033
2.01697    0.402465
2.0187    0.305333
2.02043    0.213861
2.02216    0.13515
2.02389    0.0753863
2.02562    0.0379653
2.02735    0.0220152
2.02909    0.0217272
2.03082    0.0267495
2.03255    0.0236635
2.03428    -0.00169274
2.03601    -0.0615039
2.03774    -0.163427
2.03947    -0.308766
2.0412    -0.491789
2.04294    -0.700359
2.04467    -0.917781
2.0464    -1.12548
2.04813    -1.306
2.04986    -1.44565
2.05159    -1.5364
2.05332    -1.57659
2.05506    -1.57043
2.05679    -1.52655
2.05852    -1.4559
2.06025    -1.36951
2.06198    -1.27665
2.06371    -1.18368
2.06544    -1.09373
2.06717    -1.00711
2.06891    -0.922345
2.07064    -0.837356
2.07237    -0.750533
2.0741    -0.661441
2.07583    -0.571032
2.07756    -0.481406
2.07929    -0.395267
2.08102    -0.31527
2.08276    -0.243462
2.08449    -0.180932
2.08622    -0.12771
2.08795    -0.0828502
2.08968    -0.0445914
2.09141    -0.0104886
2.09314    0.0225528
2.09488    0.058319
2.09661    0.101317
2.09834    0.15665
2.10007    0.229625
2.1018    0.325014
2.10353    0.446045
2.10526    0.593277
2.10699    0.763632
2.10873    0.949879
2.11046    1.14082
2.11219    1.32228
2.11392    1.47886
2.11565    1.59617
2.11738    1.66316
2.11911    1.67406
2.12084    1.6295
2.12258    1.53657
2.12431    1.40767
2.12604    1.25845
2.12777    1.10515
2.1295    0.961885
2.13123    0.838532
2.13296    0.739457
2.1347    0.663468
2.13643    0.604863
2.13816    0.555329
2.13989    0.506207
2.14162    0.450617
2.14335    0.384957
2.14508    0.309486
2.14681    0.2279
2.14855    0.146074
2.15028    0.0702996
2.15201    0.00547912
2.15374    -0.0463093
2.15547    -0.0865433
2.1572    -0.120148
2.15893    -0.154605
2.16066    -0.198501
2.1624    -0.259861
2.16413    -0.344603
2.16586    -0.455415
2.16759    -0.591228
2.16932    -0.747308
2.17105    -0.915878
2.17278    -1.08709
2.17452    -1.25015
2.17625    -1.39439
2.17798    -1.51023
2.17971    -1.58993
2.18144    -1.62814
2.18317    -1.62231
2.1849    -1.573
2.18663    -1.48389
2.18837    -1.36174
2.1901    -1.21593
2.19183    -1.05767
2.19356    -0.89891
2.19529    -0.750942
2.19702    -0.622958
2.19875    -0.520779
2.20048    -0.446031
2.20222    -0.395981
2.20395    -0.364129
2.20568    -0.341499
2.20741    -0.318408
2.20914    -0.286371
2.21087    -0.239734
2.2126    -0.176677
2.21434    -0.0993397
2.21607    -0.0130356
2.2178    0.0752903
2.21953    0.159003
2.22126    0.233662
2.22299    0.298394
2.22472    0.356387
2.22645    0.414361
2.22819    0.481091
2.22992    0.565288
2.23165    0.673302
2.23338    0.807177
2.23511    0.963496
2.23684    1.13332
2.23857    1.30327
2.2403    1.45748
2.24204    1.58021
2.24377    1.65835
2.2455    1.68354
2.24723    1.65341
2.24896    1.57172
2.25069    1.44755
2.25242    1.29361
2.25416    1.12423
2.25589    0.953233
2.25762    0.792263
2.25935    0.649679
2.26108    0.53015
2.26281    0.434872
2.26454    0.362221
2.26627    0.308605
2.26801    0.26931
2.26974    0.239175
2.27147    0.213069
2.2732    0.186183
2.27493    0.15423
2.27666    0.113626
2.27839    0.0617256
2.28012    -0.00293787
2.28186    -0.080446
2.28359    -0.169449
2.28532    -0.267358
2.28705    -0.370812
2.28878    -0.476357
2.29051    -0.58121
2.29224    -0.683885
2.29398    -0.784492
2.29571    -0.884553
2.29744    -0.986305
2.29917    -1.09161
2.3009    -1.20068
2.30263    -1.31104
2.30436    -1.41693
2.30609    -1.50948
2.30783    -1.57781
2.30956    -1.61068
2.31129    -1.59878
2.31302    -1.53676
2.31475    -1.4249
2.31648    -1.26978
2.31821    -1.08378
2.31994    -0.883451
2.32168    -0.687021
2.32341    -0.511493
2.32514    -0.369908
2.32687    -0.269334
2.3286    -0.209986
2.33033    -0.185606
2.33206    -0.18502
2.3338    -0.1945
2.33553    -0.200409
2.33726    -0.191588
2.33899    -0.161016
2.34072    -0.106458
2.34245    -0.0300729
2.34418    0.0628262
2.34591    0.165495
2.34765    0.271517
2.34938    0.376193
2.35111    0.477289
2.35284    0.575039
2.35457    0.671495
2.3563    0.769461
2.35803    0.871318
2.35976    0.978027
2.3615    1.08853
2.36323    1.19965
2.36496    1.30637
2.36669    1.40252
2.36842    1.48146
2.37015    1.53687
2.37188    1.56332
2.37361    1.5567
2.37535    1.51457
2.37708    1.43637
2.37881    1.32376
2.38054    1.18077
2.38227    1.01397
2.384    0.832392
2.38573    0.64704
2.38747    0.470039
2.3892    0.313304
2.39093    0.186944
2.39266    0.0976454
2.39439    0.0473568
2.39612    0.032613
2.39785    0.0447303
2.39958    0.0709442
2.40132    0.0963579
2.40305    0.106374
2.40478    0.0891496
2.40651    0.0375768
2.40824    -0.0496241
2.40997    -0.16794
2.4117    -0.308219
2.41343    -0.45869
2.41517    -0.607401
2.4169    -0.744531
2.41863    -0.864067
2.42036    -0.964504
2.42209    -1.04842
2.42382    -1.12112
2.42555    -1.18862
2.42729    -1.2556
2.42902    -1.32369
2.43075    -1.39064
2.43248    -1.45042
2.43421    -1.49433
2.43594    -1.51276
2.43767    -1.49731
2.4394    -1.44258
2.44114    -1.34754
2.44287    -1.21589
2.4446    -1.05564
2.44633    -0.877941
2.44806    -0.695397
2.44979    -0.520331
2.45152    -0.363254
2.45325    -0.231786
2.45499    -0.13013
2.45672    -0.0590533
2.45845    -0.0162612
2.46018    0.0030282
2.46191    0.00543671
2.46364    -0.00119355
2.46537    -0.00838117
2.46711    -0.00758867
2.46884    0.009134
2.47057    0.0484167
2.4723    0.114783
2.47403    0.209923
2.47576    0.332188
2.47749    0.476492
2.47922    0.634743
2.48096    0.79682
2.48269    0.952001
2.48442    1.09058
2.48615    1.20538
2.48788    1.29278
2.48961    1.35303
2.49134    1.38974
2.49307    1.40863
2.49481    1.41575
2.49654    1.41574
2.49827    1.41033
2.5    1.39766
2.50173    1.37259
2.50346    1.32791
2.50519    1.25626
2.50693    1.15232
2.50866    1.0148
2.51039    0.847601
2.51212    0.659959
2.51385    0.465435
2.51558    0.27985
2.51731    0.118645
2.51904    -0.00584634
2.52078    -0.0866232
2.52251    -0.123303
2.52424    -0.122192
2.52597    -0.0951605
2.5277    -0.0575509
2.52943    -0.0255762
2.53116    -0.0137107
2.53289    -0.032566
2.53463    -0.0876044
2.53636    -0.178841
2.53809    -0.301473
2.53982    -0.447203
2.54155    -0.605898
2.54328    -0.767234
2.54501    -0.922016
2.54675    -1.063
2.54848    -1.1852
2.55021    -1.28573
2.55194    -1.36339
2.55367    -1.41813
2.5554    -1.45064
2.55713    -1.46201
2.55886    -1.45351
2.5606    -1.42659
2.56233    -1.38273
2.56406    -1.32337
2.56579    -1.24978
2.56752    -1.16289
2.56925    -1.06332
2.57098    -0.951428
2.57271    -0.827707
2.57445    -0.693279
2.57618    -0.550485
2.57791    -0.403347
2.57964    -0.257733
2.58137    -0.121046
2.5831    -0.00140252
2.58483    0.0936562
2.58657    0.158676
2.5883    0.191735
2.59003    0.195453
2.59176    0.177268
2.59349    0.148808
2.59522    0.124369
2.59695    0.118709
2.59868    0.144573
2.60042    0.210396
2.60215    0.318686
2.60388    0.465413
2.60561    0.640572
2.60734    0.829818
2.60907    1.01685
2.6108    1.18606
2.61253    1.32497
2.61427    1.42586
2.616    1.48649
2.61773    1.5096
2.61946    1.50162
2.62119    1.47072
2.62292    1.42478
2.62465    1.36976
2.62639    1.30872
2.62812    1.24167
2.62985    1.16628
2.63158    1.0791
2.63331    0.977029
2.63504    0.858636
2.63677    0.724998
2.6385    0.579937
2.64024    0.429617
2.64197    0.281635
2.6437    0.143846
2.64543    0.0231862
2.64716    -0.0752864
2.64889    -0.148986
2.65062    -0.198
2.65235    -0.224951
2.65409    -0.234623
2.65582    -0.233469
2.65755    -0.22908
2.65928    -0.229636
2.66101    -0.243318
2.66274    -0.277626
2.66447    -0.338594
2.6662    -0.429914
2.66794    -0.5521
2.66967    -0.701853
2.6714    -0.871838
2.67313    -1.05105
2.67486    -1.22584
2.67659    -1.38154
2.67832    -1.5045
2.68006    -1.5841
2.68179    -1.6145
2.68352    -1.59554
2.68525    -1.53275
2.68698    -1.43624
2.68871    -1.31884
2.69044    -1.19362
2.69217    -1.07154
2.69391    -0.959613
2.69564    -0.859951
2.69737    -0.770009
2.6991    -0.683874
2.70083    -0.594308
2.70256    -0.495067
2.70429    -0.382923
2.70602    -0.258902
2.70776    -0.128438
2.70949    -0.000394345
2.71122    0.114823
2.71295    0.207628
2.71468    0.271543
2.71641    0.304877
2.71814    0.311426
2.71988    0.300033
2.72161    0.283103
2.72334    0.274423
2.72507    0.286728
2.7268    0.329538
2.72853    0.407654
2.73026    0.520559
2.73199    0.662754
2.73373    0.824856
2.73546    0.995156
2.73719    1.1613
2.73892    1.31175
2.74065    1.43688
2.74238    1.52953
2.74411    1.58523
2.74584    1.60207
2.74758    1.58047
2.74931    1.52291
2.75104    1.43371
2.75277    1.31881
2.7545    1.1854
2.75623    1.04144
2.75796    0.89496
2.7597    0.753202
2.76143    0.621712
2.76316    0.503659
2.76489    0.399496
2.76662    0.307153
2.76835    0.222766
2.77008    0.141834
2.77181    0.0605504
2.77355    -0.0230155
2.77528    -0.108206
2.77701    -0.191767
2.77874    -0.268601
2.78047    -0.333165
2.7822    -0.381188
2.78393    -0.411297
2.78566    -0.426106
2.7874    -0.432432
2.78913    -0.440501
2.79086    -0.46221
2.79259    -0.50879
2.79432    -0.588342
2.79605    -0.703796
2.79778    -0.851752
2.79952    -1.02251
2.80125    -1.2013
2.80298    -1.37055
2.80471    -1.51261
2.80644    -1.61262
2.80817    -1.6607
2.8099    -1.65325
2.81163    -1.59312
2.81337    -1.48863
2.8151    -1.35178
2.81683    -1.19604
2.81856    -1.03421
2.82029    -0.876717
2.82202    -0.730614
2.82375    -0.5994
2.82548    -0.483482
2.82722    -0.381108
2.82895    -0.289445
2.83068    -0.205546
2.83241    -0.127028
2.83414    -0.0523819
2.83587    0.0190493
2.8376    0.0872984
2.83934    0.152083
2.84107    0.213075
2.8428    0.270079
2.84453    0.323123
2.84626    0.372512
2.84799    0.418909
2.84972    0.463475
2.85145    0.508053
2.85319    0.555301
2.85492    0.608679
2.85665    0.672165
2.85838    0.749643
2.86011    0.843998
2.86184    0.956065
2.86357    1.08366
2.8653    1.22094
2.86704    1.35846
2.86877    1.48382
2.8705    1.58322
2.87223    1.64346
2.87396    1.65414
2.87569    1.60964
2.87742    1.51046
2.87916    1.36351
2.88089    1.18128
2.88262    0.980025
2.88435    0.777209
2.88608    0.588751
2.88781    0.426598
2.88954    0.297097
2.89127    0.200494
2.89301    0.131604
2.89474    0.0814862
2.89647    0.0397182
2.8982    -0.00324345
2.89993    -0.0541272
2.90166    -0.115732
2.90339    -0.186826
2.90512    -0.263015
2.90686    -0.338306
2.90859    -0.406969
2.91032    -0.465221
2.91205    -0.512345
2.91378    -0.551016
2.91551    -0.586761
2.91724    -0.626741
2.91898    -0.67814
2.92071    -0.746538
2.92244    -0.834615
2.92417    -0.94144
2.9259    -1.06244
2.92763    -1.18998
2.92936    -1.31443
2.93109    -1.42543
2.93283    -1.51307
2.93456    -1.56898
2.93629    -1.587
2.93802    -1.5636
2.93975    -1.49807
2.94148    -1.39247
2.94321    -1.25156
2.94494    -1.08252
2.94668    -0.894659
2.94841    -0.698821
2.95014    -0.506577
2.95187    -0.32916
2.9536    -0.176205
2.95533    -0.0544955
2.95706    0.0330664
2.9588    0.0880108
2.96053    0.116184
2.96226    0.126893
2.96399    0.131389
2.96572    0.140943
2.96745    0.164874
2.96918    0.208926
2.97091    0.274375
2.97265    0.358051
2.97438    0.453318
2.97611    0.551788
2.97784    0.645388
2.97957    0.728321
2.9813    0.798416
2.98303    0.857582
2.98476    0.911186
2.9865    0.966527
2.98823    1.03072
2.98996    1.10848
2.99169    1.20038
2.99342    1.30196
2.99515    1.40394
2.99688    1.49353
2.99861    1.55664
3.00035    1.58037
3.00208    1.55546
3.00381    1.47808
3.00554    1.35057
3.00727    1.18116
3.009    0.982653
3.01073    0.770356
3.01247    0.559831
3.0142    0.364762
3.01593    0.195366
3.01766    0.0575531
3.01939    -0.0471424
3.02112    -0.120982
3.02285    -0.169034
3.02458    -0.198037
3.02632    -0.215348
3.02805    -0.228117
3.02978    -0.242727
3.03151    -0.264469
3.03324    -0.297346
3.03497    -0.343935
3.0367    -0.405271
3.03843    -0.480761
3.04017    -0.568203
3.0419    -0.663989
3.04363    -0.763559
3.04536    -0.862064
3.04709    -0.955164
3.04882    -1.03977
3.05055    -1.11456
3.05229    -1.18
3.05402    -1.23794
3.05575    -1.29068
3.05748    -1.33978
3.05921    -1.3849
3.06094    -1.42296
3.06267    -1.44798
3.0644    -1.45172
3.06614    -1.42508
3.06787    -1.36002
3.0696    -1.25164
3.07133    -1.09992
3.07306    -0.910619
3.07479    -0.695154
3.07652    -0.469293
3.07825    -0.250896
3.07999    -0.057098
3.08172    0.0984835
3.08345    0.20798
3.08518    0.270463
3.08691    0.291862
3.08864    0.28365
3.09037    0.260581
3.09211    0.237978
3.09384    0.229118
3.09557    0.243237
3.0973    0.284497
3.09903    0.352032
3.10076    0.440936
3.10249    0.543885
3.10422    0.652948
3.10596    0.761185
3.10769    0.863683
3.10942    0.957909
3.11115    1.0434
3.11288    1.12098
3.11461    1.19178
3.11634    1.25639
3.11807    1.31425
3.11981    1.36351
3.12154    1.40125
3.12327    1.42392
3.125    1.42792
3.12673    1.41007
3.12846    1.36789
3.13019    1.29985
3.13193    1.20536
3.13366    1.08486
3.13539    0.94001
3.13712    0.7739
3.13885    0.591411
3.14058    0.399411
3.14231    0.206695
3.14404    0.0235109
3.14578    -0.139424
3.14751    -0.272315
3.14924    -0.367908
3.15097    -0.422995
3.1527    -0.439455
3.15443    -0.424518
3.15616    -0.390069
3.15789    -0.351031
3.15963    -0.323043
3.16136    -0.319873
3.16309    -0.351061
3.16482    -0.420285
3.16655    -0.524798
3.16828    -0.656079
3.17001    -0.801559
3.17175    -0.947057
3.17348    -1.07941
3.17521    -1.18874
3.17694    -1.26986
3.17867    -1.32264
3.1804    -1.35114
3.18213    -1.36196
3.18386    -1.36206
3.1856    -1.35676
3.18733    -1.34817
3.18906    -1.33458
3.19079    -1.31091
3.19252    -1.26999
3.19425    -1.20438
3.19598    -1.10841
3.19771    -0.979781
3.19945    -0.820551
3.20118    -0.637195
3.20291    -0.439832
3.20464    -0.240763
3.20637    -0.0526752
3.2081    0.113155
3.20983    0.248316
3.21157    0.348173
3.2133    0.412161
3.21503    0.443512
3.21676    0.448548
3.21849    0.435748
3.22022    0.414743
3.22195    0.395356
3.22368    0.386757
3.22542    0.39673
3.22715    0.43103
3.22888    0.492837
3.23061    0.582339
3.23234    0.696511
3.23407    0.829202
3.2358    0.971603
3.23753    1.11313
3.23927    1.2427
3.241    1.35014
3.24273    1.42762
3.24446    1.47077
3.24619    1.47918
3.24792    1.45619
3.24965    1.40804
3.25139    1.34234
3.25312    1.26636
3.25485    1.18543
3.25658    1.10183
3.25831    1.01446
3.26004    0.919431
3.26177    0.811398
3.2635    0.685396
3.26524    0.538736
3.26697    0.372496
3.2687    0.19221
3.27043    0.00754868
3.27216    -0.169
3.27389    -0.324219
3.27562    -0.44659
3.27735    -0.528541
3.27909    -0.568053
3.28082    -0.569254
3.28255    -0.541876
3.28428    -0.499692
3.28601    -0.458233
3.28774    -0.432251
3.28947    -0.433425
3.2912    -0.46871
3.29294    -0.5396
3.29467    -0.642343
3.2964    -0.768987
3.29813    -0.908938
3.29986    -1.0507
3.30159    -1.18346
3.30332    -1.29821
3.30506    -1.3884
3.30679    -1.45003
3.30852    -1.48142
3.31025    -1.48277
3.31198    -1.45562
3.31371    -1.40247
3.31544    -1.32652
3.31717    -1.23144
3.31891    -1.12119
3.32064    -0.999816
3.32237    -0.871092
3.3241    -0.738214
3.32583    -0.603486
3.32756    -0.468204
3.32929    -0.332796
3.33102    -0.197254
3.33276    -0.0617975
3.33449    0.0723969
3.33622    0.20262
3.33795    0.324429
3.33968    0.431987
3.34141    0.518972
3.34314    0.579929
3.34488    0.6118
3.34661    0.615271
3.34834    0.595541
3.35007    0.56224
3.3518    0.528375
3.35353    0.5084
3.35526    0.515739
3.35699    0.560228
3.35873    0.646032
3.36046    0.770484
3.36219    0.924162
3.36392    1.09223
3.36565    1.25678
3.36738    1.39982
3.36911    1.50614
3.37084    1.5657
3.37258    1.57484
3.37431    1.53634
3.37604    1.45822
3.37777    1.3517
3.3795    1.22871
3.38123    1.09963
3.38296    0.971621
3.3847    0.847937
3.38643    0.728176
3.38816    0.609422
3.38989    0.487831
3.39162    0.360281
3.39335    0.22566
3.39508    0.0855278
3.39681    -0.0559656
3.39855    -0.192814
3.40028    -0.31831
3.40201    -0.426324
3.40374    -0.512402
3.40547    -0.574484
3.4072    -0.613148
3.40893    -0.631404
3.41066    -0.634199
3.4124    -0.627758
3.41413    -0.618942
3.41586    -0.614687
3.41759    -0.621536
3.41932    -0.645207
3.42105    -0.690128
3.42278    -0.758886
3.42452    -0.851632
3.42625    -0.965528
3.42798    -1.09442
3.42971    -1.22892
3.43144    -1.35708
3.43317    -1.4656
3.4349    -1.54151
3.43663    -1.57419
3.43837    -1.55703
3.4401    -1.48881
3.44183    -1.37401
3.44356    -1.22231
3.44529    -1.047
3.44702    -0.862784
3.44875    -0.683348
3.45048    -0.519136
3.45222    -0.375895
3.45395    -0.254227
3.45568    -0.150264
3.45741    -0.0572653
3.45914    0.0322425
3.46087    0.12429
3.4626    0.221776
3.46434    0.323654
3.46607    0.425173
3.4678    0.519095
3.46953    0.597588
3.47126    0.654327
3.47299    0.686296
3.47472    0.694877
3.47645    0.685956
3.47819    0.669044
3.47992    0.655601
3.48165    0.656941
3.48338    0.682159
3.48511    0.736505
3.48684    0.820482
3.48857    0.929799
3.4903    1.05611
3.49204    1.1883
3.49377    1.31408
3.4955    1.42151
3.49723    1.5003
3.49896    1.54265
3.50069    1.54379
3.50242    1.50203
3.50416    1.41869
3.50589    1.29778
3.50762    1.1457
3.50935    0.970736
3.51108    0.78251
3.51281    0.591216
3.51454    0.406713
3.51627    0.237508
3.51801    0.0897776
3.51974    -0.0333902
3.52147    -0.13233
3.5232    -0.210579
3.52493    -0.274063
3.52666    -0.329802
3.52839    -0.384375
3.53012    -0.44246
3.53186    -0.505804
3.53359    -0.572887
3.53532    -0.639405
3.53705    -0.699498
3.53878    -0.747463
3.54051    -0.779566
3.54224    -0.795478
3.54398    -0.798969
3.54571    -0.797609
3.54744    -0.801475
3.54917    -0.821097
3.5509    -0.865051
3.55263    -0.937752
3.55436    -1.03793
3.55609    -1.15819
3.55783    -1.28576
3.55956    -1.40438
3.56129    -1.49694
3.56302    -1.54825
3.56475    -1.54767
3.56648    -1.4907
3.56821    -1.37962
3.56994    -1.22287
3.57168    -1.03339
3.57341    -0.826412
3.57514    -0.617034
3.57687    -0.418138
3.5786    -0.238953
3.58033    -0.0844719
3.58206    0.0443081
3.5838    0.149509
3.58553    0.235154
3.58726    0.305934
3.58899    0.366205
3.59072    0.419396
3.59245    0.467825
3.59418    0.512865
3.59591    0.555278
3.59765    0.59558
3.59938    0.634291
3.60111    0.672034
3.60284    0.7095
3.60457    0.747358
3.6063    0.786195
3.60803    0.826545
3.60976    0.869012
3.6115    0.914415
3.61323    0.963858
3.61496    1.0186
3.61669    1.07969
3.61842    1.14732
3.62015    1.22013
3.62188    1.29451
3.62361    1.36424
3.62535    1.42071
3.62708    1.45368
3.62881    1.45268
3.63054    1.40881
3.63227    1.31659
3.634    1.17549
3.63573    0.990753
3.63747    0.773197
3.6392    0.538051
3.64093    0.302844
3.64266    0.0847982
3.64439    -0.101826
3.64612    -0.247881
3.64785    -0.350568
3.64958    -0.413491
3.65132    -0.445544
3.65305    -0.458868
3.65478    -0.466333
3.65651    -0.479065
3.65824    -0.504543
3.65997    -0.545618
3.6617    -0.600616
3.66343    -0.664408
3.66517    -0.730152
3.6669    -0.791254
3.66863    -0.843076
3.67036    -0.884021
3.67209    -0.915769
3.67382    -0.942677
3.67555    -0.970516
3.67729    -1.00489
3.67902    -1.04973
3.68075    -1.10613
3.68248    -1.17187
3.68421    -1.24157
3.68594    -1.30741
3.68767    -1.36033
3.6894    -1.39127
3.69114    -1.39235
3.69287    -1.3578
3.6946    -1.28451
3.69633    -1.17228
3.69806    -1.0238
3.69979    -0.844484
3.70152    -0.642101
3.70325    -0.42637
3.70499    -0.208369
3.70672    0.00024925
3.70845    0.188254
3.71018    0.346006
3.71191    0.466669
3.71364    0.547272
3.71537    0.589355
3.71711    0.599022
3.71884    0.586248
3.72057    0.563475
3.7223    0.543689
3.72403    0.538301
3.72576    0.555253
3.72749    0.597736
3.72922    0.663836
3.73096    0.747182
3.73269    0.838497
3.73442    0.927718
3.73615    1.00619
3.73788    1.06849
3.73961    1.11336
3.74134    1.14364
3.74307    1.16513
3.74481    1.1847
3.74654    1.20809
3.74827    1.23794
3.75    1.27256
3.75173    1.30565
3.75346    1.32731
3.75519    1.32581
3.75693    1.29002
3.75866    1.21178
3.76039    1.08777
3.76212    0.920499
3.76385    0.718164
3.76558    0.493464
3.76731    0.261657
3.76904    0.0382634
3.77078    -0.163112
3.77251    -0.332453
3.77424    -0.464246
3.77597    -0.557577
3.7777    -0.615534
3.77943    -0.644148
3.78116    -0.65117
3.78289    -0.644935
3.78463    -0.633479
3.78636    -0.623965
3.78809    -0.622354
3.78982    -0.63323
3.79155    -0.659658
3.79328    -0.703014
3.79501    -0.762804
3.79675    -0.836556
3.79848    -0.919895
3.80021    -1.00692
3.80194    -1.09088
3.80367    -1.16516
3.8054    -1.22429
3.80713    -1.26484
3.80886    -1.28594
3.8106    -1.28919
3.81233    -1.27797
3.81406    -1.25629
3.81579    -1.22737
3.81752    -1.19238
3.81925    -1.1496
3.82098    -1.09446
3.82271    -1.02033
3.82445    -0.920118
3.82618    -0.788272
3.82791    -0.622734
3.82964    -0.426395
3.83137    -0.207606
3.8331    0.0204445
3.83483    0.24145
3.83657    0.438518
3.8383    0.597001
3.84003    0.707074
3.84176    0.765493
3.84349    0.776181
3.84522    0.749511
3.84695    0.700438
3.84868    0.64586
3.85042    0.601769
3.85215    0.580732
3.85388    0.590166
3.85561    0.631699
3.85734    0.70161
3.85907    0.792177
3.8608    0.893535
3.86253    0.995635
3.86427    1.08987
3.866    1.1701
3.86773    1.233
3.86946    1.27769
3.87119    1.30499
3.87292    1.31648
3.87465    1.31362
3.87639    1.29718
3.87812    1.26702
3.87985    1.22215
3.88158    1.16115
3.88331    1.08253
3.88504    0.985149
3.88677    0.868535
3.8885    0.733044
3.89024    0.579993
3.89197    0.411751
3.8937    0.231868
3.89543    0.0451928
3.89716    -0.142053
3.89889    -0.322386
3.90062    -0.487446
3.90235    -0.628729
3.90409    -0.738643
3.90582    -0.811761
3.90755    -0.846029
3.90928    -0.843666
3.91101    -0.811468
3.91274    -0.760347
3.91447    -0.70405
3.9162    -0.657234
3.91794    -0.633167
3.91967    -0.641516
3.9214    -0.68664
3.92313    -0.76677
3.92486    -0.87427
3.92659    -0.996961
3.92832    -1.12026
3.93006    -1.22973
3.93179    -1.31344
3.93352    -1.36385
3.93525    -1.37857
3.93698    -1.36019
3.93871    -1.31501
3.94044    -1.25114
3.94217    -1.17639
3.94391    -1.09648
3.94564    -1.01384
3.94737    -0.927405
3.9491    -0.833314
3.95083    -0.726301
3.95256    -0.601481
3.95429    -0.456036
3.95602    -0.290451
3.95776    -0.109002
3.95949    0.0805677
3.96122    0.268116
3.96295    0.442635
3.96468    0.593939
3.96641    0.714158
3.96814    0.798784
3.96988    0.847128
3.97161    0.8622
3.97334    0.850095
3.97507    0.819099
3.9768    0.778677
3.97853    0.738506
3.98026    0.707634
3.98199    0.693777
3.98373    0.702741
3.98546    0.73792
3.98719    0.799877
3.98892    0.886063
3.99065    0.990743
3.99238    1.10527
3.99411    1.21877
3.99584    1.31926
3.99758    1.39511
3.99931    1.43666
4.00104    1.43763
4.00277    1.39616
4.0045    1.31509
4.00623    1.20144
4.00796    1.0651
4.0097    0.917001
4.01143    0.767042
4.01316    0.62236
4.01489    0.486212
4.01662    0.357807
4.01835    0.233117
4.02008    0.106502
4.02181    -0.0272325
4.02355    -0.170842
4.02528    -0.323206
4.02701    -0.47883
4.02874    -0.628463
4.03047    -0.760715
4.0322    -0.864369
4.03393    -0.930848
4.03566    -0.956308
4.0374    -0.942843
4.03913    -0.898535
4.04086    -0.8363
4.04259    -0.771752
4.04432    -0.720541
4.04605    -0.695686
4.04778    -0.705451
4.04952    -0.752143
4.05125    -0.832016
4.05298    -0.936224
4.05471    -1.05254
4.05644    -1.16747
4.05817    -1.26825
4.0599    -1.34448
4.06163    -1.38908
4.06337    -1.39852
4.0651    -1.37248
4.06683    -1.31319
4.06856    -1.22454
4.07029    -1.11133
4.07202    -0.978749
4.07375    -0.832016
4.07548    -0.676214
4.07722    -0.516177
4.07895    -0.356336
4.08068    -0.200488
4.08241    -0.0515229
4.08414    0.0887881
4.08587    0.219844
4.0876    0.342004
4.08934    0.4561
4.09107    0.562766
4.0928    0.661746
4.09453    0.751405
4.09626    0.828638
4.09799    0.889317
4.09972    0.929237
4.10145    0.945398
4.10319    0.93734
4.10492    0.908143
4.10665    0.864783
4.10838    0.817623
4.11011    0.779021
4.11184    0.761259
4.11357    0.774179
4.1153    0.823008
4.11704    0.906891
4.11877    1.01848
4.1205    1.14472
4.12223    1.26881
4.12396    1.37284
4.12569    1.44075
4.12742    1.46088
4.12916    1.42771
4.13089    1.34243
4.13262    1.2123
4.13435    1.04893
4.13608    0.865996
4.13781    0.676789
4.13954    0.492209
4.14127    0.319479
4.14301    0.161807
4.14474    0.0189454
4.14647    -0.111627
4.1482    -0.233235
4.14993    -0.348644
4.15166    -0.459113
4.15339    -0.564029
4.15512    -0.661129
4.15686    -0.747166
4.15859    -0.818791
4.16032    -0.87341
4.16205    -0.909808
4.16378    -0.928441
4.16551    -0.931402
4.16724    -0.922142
4.16898    -0.905066
4.17071    -0.885129
4.17244    -0.867478
4.17417    -0.857154
4.1759    -0.858783
4.17763    -0.876182
4.17936    -0.911838
4.18109    -0.966285
4.18283    -1.03746
4.18456    -1.12028
4.18629    -1.20651
4.18802    -1.28527
4.18975    -1.3441
4.19148    -1.3706
4.19321    -1.35431
4.19494    -1.28861
4.19668    -1.1722
4.19841    -1.00968
4.20014    -0.81127
4.20187    -0.591369
4.2036    -0.366413
4.20533    -0.152264
4.20706    0.0382696
4.2088    0.197312
4.21053    0.322794
4.21226    0.418159
4.21399    0.490975
4.21572    0.550795
4.21745    0.606736
4.21918    0.665338
4.22091    0.729183
4.22265    0.796548
4.22438    0.862156
4.22611    0.918799
4.22784    0.959437
4.22957    0.979254
4.2313    0.977182
4.23303    0.956543
4.23476    0.924659
4.2365    0.891537
4.23823    0.86792
4.23996    0.863146
4.24169    0.883267
4.24342    0.929804
4.24515    0.999361
4.24688    1.08413
4.24861    1.1731
4.25035    1.25377
4.25208    1.31384
4.25381    1.34286
4.25554    1.33327
4.25727    1.28109
4.259    1.18597
4.26073    1.05089
4.26247    0.881692
4.2642    0.686382
4.26593    0.474488
4.26766    0.256372
4.26939    0.0425437
4.27112    -0.157098
4.27285    -0.334063
4.27458    -0.482072
4.27632    -0.59775
4.27805    -0.68105
4.27978    -0.735274
4.28151    -0.766579
4.28324    -0.783
4.28497    -0.793081
4.2867    -0.804388
4.28843    -0.822175
4.29017    -0.848523
4.2919    -0.882157
4.29363    -0.919028
4.29536    -0.953551
4.29709    -0.980239
4.29882    -0.995341
4.30055    -0.998094
4.30229    -0.991235
4.30402    -0.980608
4.30575    -0.973909
4.30748    -0.978793
4.30921    -1.00079
4.31094    -1.04151
4.31267    -1.09752
4.3144    -1.16034
4.31614    -1.21743
4.31787    -1.25423
4.3196    -1.25665
4.32133    -1.21365
4.32306    -1.11934
4.32479    -0.974202
4.32652    -0.785084
4.32825    -0.564194
4.32999    -0.327127
4.33172    -0.0904499
4.33345    0.130705
4.33518    0.3246
4.33691    0.484081
4.33864    0.606864
4.34037    0.694994
4.34211    0.753695
4.34384    0.789939
4.34557    0.811049
4.3473    0.823596
4.34903    0.83274
4.35076    0.842011
4.35249    0.853442
4.35422    0.867902
4.35596    0.885479
4.35769    0.905776
4.35942    0.928113
4.36115    0.951626
4.36288    0.975342
4.36461    0.998291
4.36634    1.01968
4.36807    1.03909
4.36981    1.05666
4.37154    1.07304
4.37327    1.08919
4.375    1.10587
4.37673    1.12294
4.37846    1.13859
4.38019    1.14884
4.38193    1.14743
4.38366    1.12624
4.38539    1.07643
4.38712    0.990015
4.38885    0.861724
4.39058    0.690615
4.39231    0.481189
4.39404    0.243562
4.39578    -0.00741226
4.39751    -0.254019
4.39924    -0.478259
4.40097    -0.664655
4.4027    -0.802726
4.40443    -0.888625
4.40616    -0.925597
4.40789    -0.923139
4.40963    -0.895049
4.41136    -0.856766
4.41309    -0.822556
4.41482    -0.803127
4.41655    -0.804131
4.41828    -0.825821
4.42001    -0.863829
4.42175    -0.910835
4.42348    -0.958662
4.42521    -1.00029
4.42694    -1.03136
4.42867    -1.0508
4.4304    -1.06061
4.43213    -1.06485
4.43386    -1.06811
4.4356    -1.07406
4.43733    -1.0842
4.43906    -1.09722
4.44079    -1.10913
4.44252    -1.11384
4.44425    -1.10431
4.44598    -1.07373
4.44771    -1.0166
4.44945    -0.92949
4.45118    -0.811383
4.45291    -0.663713
4.45464    -0.490114
4.45637    -0.296085
4.4581    -0.0886522
4.45983    0.123943
4.46157    0.332558
4.4633    0.527569
4.46503    0.699484
4.46676    0.839798
4.46849    0.942037
4.47022    1.00284
4.47195    1.02283
4.47368    1.00705
4.47542    0.964663
4.47715    0.90799
4.47888    0.85078
4.48061    0.806107
4.48234    0.784231
4.48407    0.790868
4.4858    0.82626
4.48753    0.885272
4.48927    0.958542
4.491    1.03445
4.49273    1.10147
4.49446    1.15046
4.49619    1.1763
4.49792    1.17852
4.49965    1.16088
4.50139    1.12992
4.50312    1.09291
4.50485    1.0556
4.50658    1.0205
4.50831    0.985903
4.51004    0.946047
4.51177    0.892318
4.5135    0.815232
4.51524    0.706744
4.51697    0.562372
4.5187    0.382642
4.52043    0.173559
4.52216    -0.0539985
4.52389    -0.285807
4.52562    -0.506424
4.52735    -0.701472
4.52909    -0.859644
4.53082    -0.974087
4.53255    -1.04298
4.53428    -1.06931
4.53601    -1.05999
4.53774    -1.02458
4.53947    -0.973837
4.5412    -0.918476
4.54294    -0.868078
4.54467    -0.830388
4.5464    -0.810873
4.54813    -0.812512
4.54986    -0.835733
4.55159    -0.878473
4.55332    -0.936368
4.55506    -1.00312
4.55679    -1.07108
4.55852    -1.13208
4.56025    -1.1784
4.56198    -1.20381
4.56371    -1.20444
4.56544    -1.17932
4.56717    -1.13036
4.56891    -1.06178
4.57064    -0.979088
4.57237    -0.887675
4.5741    -0.791482
4.57583    -0.692002
4.57756    -0.587897
4.57929    -0.475399
4.58102    -0.34945
4.58276    -0.205357
4.58449    -0.0406008
4.58622    0.14365
4.58795    0.341721
4.58968    0.543571
4.59141    0.735964
4.59314    0.904471
4.59488    1.03595
4.59661    1.12099
4.59834    1.15577
4.60007    1.14301
4.6018    1.09167
4.60353    1.01559
4.60526    0.93114
4.60699    0.854598
4.60873    0.799517
4.61046    0.774756
4.61219    0.783446
4.61392    0.823017
4.61565    0.88622
4.61738    0.962822
4.61911    1.0416
4.62084    1.11217
4.62258    1.16642
4.62431    1.19914
4.62604    1.20812
4.62777    1.19356
4.6295    1.1572
4.63123    1.10148
4.63296    1.02872
4.6347    0.940762
4.63643    0.838831
4.63816    0.72375
4.63989    0.596233
4.64162    0.457199
4.64335    0.307974
4.64508    0.150369
4.64681    -0.0133595
4.64855    -0.180561
4.65028    -0.348209
4.65201    -0.512819
4.65374    -0.670305
4.65547    -0.815855
4.6572    -0.94396
4.65893    -1.04871
4.66066    -1.12441
4.6624    -1.16659
4.66413    -1.17302
4.66586    -1.14483
4.66759    -1.08712
4.66932    -1.009
4.67105    -0.922883
4.67278    -0.842929
4.67452    -0.782974
4.67625    -0.754206
4.67798    -0.763093
4.67971    -0.809982
4.68144    -0.888737
4.68317    -0.987532
4.6849    -1.09072
4.68663    -1.18144
4.68837    -1.24443
4.6901    -1.26852
4.69183    -1.24833
4.69356    -1.18472
4.69529    -1.08412
4.69702    -0.956762
4.69875    -0.814319
4.70048    -0.667471
4.70222    -0.523924
4.70395    -0.387304
4.70568    -0.257104
4.70741    -0.129653
4.70914    0.000209502
4.71087    0.137165
4.7126    0.283657
4.71434    0.438741
4.71607    0.597788
4.7178    0.753094
4.71953    0.895199
4.72126    1.01461
4.72299    1.10352
4.72472    1.15721
4.72645    1.1748
4.72819    1.15932
4.72992    1.11719
4.73165    1.05717
4.73338    0.98914
4.73511    0.92295
4.73684    0.867367
4.73857    0.829366
4.7403    0.813652
4.74204    0.822398
4.74377    0.855108
4.7455    0.908583
4.74723    0.977001
4.74896    1.05218
4.75069    1.1241
4.75242    1.18178
4.75416    1.21446
4.75589    1.21293
4.75762    1.17098
4.75935    1.08643
4.76108    0.961698
4.76281    0.803621
4.76454    0.622485
4.76627    0.4304
4.76801    0.239321
4.76974    0.0590976
4.77147    -0.104014
4.7732    -0.248046
4.77493    -0.375044
4.77666    -0.489896
4.77839    -0.5985
4.78012    -0.705749
4.78186    -0.81379
4.78359    -0.921018
4.78532    -1.02206
4.78705    -1.10882
4.78878    -1.17228
4.79051    -1.20475
4.79224    -1.202
4.79398    -1.16469
4.79571    -1.09886
4.79744    -1.01528
4.79917    -0.927762
4.8009    -0.850807
4.80263    -0.797073
4.80436    -0.775184
4.80609    -0.788301
4.80783    -0.833713
4.80956    -0.903462
4.81129    -0.985813
4.81302    -1.06722
4.81475    -1.13438
4.81648    -1.17598
4.81821    -1.18389
4.81994    -1.15373
4.82168    -1.08475
4.82341    -0.979342
4.82514    -0.842306
4.82687    -0.680038
4.8286    -0.499876
4.83033    -0.309565
4.83206    -0.116832
4.8338    0.0710048
4.83553    0.247451
4.83726    0.407303
4.83899    0.547103
4.84072    0.665469
4.84245    0.763167
4.84418    0.842829
4.84591    0.908283
4.84765    0.963594
4.84938    1.01199
4.85111    1.05499
4.85284    1.09187
4.85457    1.11983
4.8563    1.13473
4.85803    1.13241
4.85976    1.11019
4.8615    1.06827
4.86323    1.01058
4.86496    0.944801
4.86669    0.88141
4.86842    0.831923
4.87015    0.806598
4.87188    0.812102
4.87361    0.849679
4.87535    0.914254
4.87708    0.994743
4.87881    1.07558
4.88054    1.13919
4.88227    1.16896
4.884    1.15204
4.88573    1.08158
4.88747    0.957722
4.8892    0.787434
4.89093    0.583062
4.89266    0.360063
4.89439    0.134357
4.89612    -0.0801386
4.89785    -0.273318
4.89958    -0.439758
4.90132    -0.578577
4.90305    -0.692442
4.90478    -0.786054
4.90651    -0.864506
4.90824    -0.931916
4.90997    -0.990583
4.9117    -1.0408
4.91343    -1.08125
4.91517    -1.10979
4.9169    -1.1244
4.91863    -1.12399
4.92036    -1.10892
4.92209    -1.08114
4.92382    -1.04399
4.92555    -1.00173
4.92729    -0.959014
4.92902    -0.920378
4.93075    -0.889806
4.93248    -0.870449
4.93421    -0.864377
4.93594    -0.87236
4.93767    -0.893597
4.9394    -0.925429
4.94114    -0.963109
4.94287    -0.999754
4.9446    -1.02662
4.94633    -1.03382
4.94806    -1.01143
4.94979    -0.950986
4.95152    -0.847013
4.95325    -0.698382
4.95499    -0.509112
4.95672    -0.288394
4.95845    -0.0497132
4.96018    0.190859
4.96191    0.416934
4.96364    0.614239
4.96537    0.772735
4.96711    0.888002
4.96884    0.961593
4.97057    1.00029
4.9723    1.01439
4.97403    1.01548
4.97576    1.01399
4.97749    1.0173
4.97922    1.02852
4.98096    1.04645
4.98269    1.06637
4.98442    1.0818
4.98615    1.0864
4.98788    1.07592
4.98961    1.04942
4.99134    1.00979
4.99307    0.963152
4.99481    0.917642
4.99654    0.881546
4.99827    0.861441
5    0.860648
5.00173    0.878347
5.00346    0.909496
5.00519    0.945559
5.00693    0.975832
5.00866    0.989089
5.01039    0.97523
5.01212    0.926631
5.01385    0.839043
5.01558    0.711951
5.01731    0.548458
5.01904    0.354803
5.02078    0.139662
5.02251    -0.0866433
5.02424    -0.312967
5.02597    -0.528147
5.0277    -0.721816
5.02943    -0.885227
5.03116    -1.01204
5.03289    -1.09904
5.03463    -1.14656
5.03636    -1.15861
5.03809    -1.14247
5.03982    -1.10776
5.04155    -1.06508
5.04328    -1.02442
5.04501    -0.993548
5.04675    -0.976806
5.04848    -0.974565
5.05021    -0.98344
5.05194    -0.99733
5.05367    -1.00904
5.0554    -1.01214
5.05713    -1.00264
5.05886    -0.980052
5.0606    -0.947566
5.06233    -0.911246
5.06406    -0.878409
5.06579    -0.855547
5.06752    -0.846269
5.06925    -0.849793
5.07098    -0.860374
5.07271    -0.867876
5.07445    -0.859423
5.07618    -0.821804
5.07791    -0.744144
5.07964    -0.620267
5.08137    -0.450236
5.0831    -0.240745
5.08483    -0.00426558
5.08657    0.242846
5.0883    0.482907
5.09003    0.699594
5.09176    0.88023
5.09349    1.01728
5.09522    1.10884
5.09695    1.1581
5.09868    1.17211
5.10042    1.16006
5.10215    1.13158
5.10388    1.09531
5.10561    1.05809
5.10734    1.02456
5.10907    0.997384
5.1108    0.977618
5.11253    0.965251
5.11427    0.959581
5.116    0.959445
5.11773    0.963275
5.11946    0.969095
5.12119    0.974555
5.12292    0.977107
5.12465    0.974329
5.12639    0.964332
5.12812    0.946114
5.12985    0.919714
5.13158    0.886045
5.13331    0.846378
5.13504    0.801573
5.13677    0.751263
5.1385    0.693232
5.14024    0.623266
5.14197    0.53562
5.1437    0.424118
5.14543    0.283716
5.14716    0.112208
5.14889    -0.0883442
5.15062    -0.31085
5.15235    -0.543395
5.15409    -0.770488
5.15582    -0.975199
5.15755    -1.14182
5.15928    -1.2585
5.16101    -1.31938
5.16274    -1.32563
5.16447    -1.2853
5.1662    -1.2119
5.16794    -1.12195
5.16967    -1.03219
5.1714    -0.956724
5.17313    -0.904978
5.17486    -0.880586
5.17659    -0.881515
5.17832    -0.901253
5.18006    -0.930728
5.18179    -0.960486
5.18352    -0.982638
5.18525    -0.992168
5.18698    -0.987394
5.18871    -0.969581
5.19044    -0.941896
5.19217    -0.908036
5.19391    -0.870899
5.19564    -0.831613
5.19737    -0.789124
5.1991    -0.740372
5.20083    -0.680955
5.20256    -0.606087
5.20429    -0.511581
5.20602    -0.394693
5.20776    -0.254654
5.20949    -0.0928844
5.21122    0.0870653
5.21295    0.279772
5.21468    0.478285
5.21641    0.674514
5.21814    0.859661
5.21988    1.02473
5.22161    1.16115
5.22334    1.26165
5.22507    1.32109
5.2268    1.33748
5.22853    1.31264
5.23026    1.25258
5.23199    1.16714
5.23373    1.0691
5.23546    0.972544
5.23719    0.890868
5.23892    0.834687
5.24065    0.8101
5.24238    0.817654
5.24411    0.85227
5.24584    0.9042
5.24758    0.960858
5.24931    1.00916
5.25104    1.03792
5.25277    1.03975
5.2545    1.01216
5.25623    0.957493
5.25796    0.881914
5.2597    0.793538
5.26143    0.700256
5.26316    0.607731
5.26489    0.518035
5.26662    0.429245
5.26835    0.336073
5.27008    0.231388
5.27181    0.108243
5.27355    -0.0380477
5.27528    -0.208269
5.27701    -0.398478
5.27874    -0.600162
5.28047    -0.801343
5.2822    -0.988387
5.28393    -1.14813
5.28566    -1.26989
5.2874    -1.34701
5.28913    -1.37763
5.29086    -1.3647
5.29259    -1.31522
5.29432    -1.23907
5.29605    -1.14753
5.29778    -1.05188
5.29952    -0.962264
5.30125    -0.88688
5.30298    -0.831499
5.30471    -0.79927
5.30644    -0.790714
5.30817    -0.80382
5.3099    -0.834236
5.31163    -0.875576
5.31337    -0.91989
5.3151    -0.95836
5.31683    -0.982207
5.31856    -0.983742
5.32029    -0.957408
5.32202    -0.90061
5.32375    -0.814133
5.32548    -0.701993
5.32722    -0.570694
5.32895    -0.427986
5.33068    -0.281368
5.33241    -0.136652
5.33414    0.00306526
5.33587    0.137754
5.3376    0.270007
5.33934    0.403862
5.34107    0.54314
5.3428    0.689703
5.34453    0.842062
5.34626    0.99473
5.34799    1.13854
5.34972    1.26198
5.35145    1.3532
5.35319    1.40252
5.35492    1.40453
5.35665    1.35974
5.35838    1.27495
5.36011    1.16258
5.36184    1.03875
5.36357    0.920711
5.3653    0.824002
5.36704    0.759901
5.36877    0.733739
5.3705    0.744297
5.37223    0.784396
5.37396    0.842488
5.37569    0.904871
5.37742    0.958047
5.37916    0.990775
5.38089    0.995446
5.38262    0.968615
5.38435    0.910723
5.38608    0.825178
5.38781    0.717131
5.38954    0.592237
5.39127    0.45568
5.39301    0.311611
5.39474    0.163014
5.39647    0.0119123
5.3982    -0.140247
5.39993    -0.292188
5.40166    -0.442511
5.40339    -0.589541
5.40512    -0.731317
5.40686    -0.865628
5.40859    -0.990044
5.41032    -1.10188
5.41205    -1.1981
5.41378    -1.27531
5.41551    -1.32983
5.41724    -1.35802
5.41898    -1.35694
5.42071    -1.32516
5.42244    -1.26363
5.42417    -1.17646
5.4259    -1.07116
5.42763    -0.958251
5.42936    -0.850249
5.43109    -0.759909
5.43283    -0.698164
5.43456    -0.672072
5.43629    -0.683224
5.43802    -0.727017
5.43975    -0.793005
5.44148    -0.866362
5.44321    -0.930207
5.44494    -0.96839
5.44668    -0.968162
5.44841    -0.922227
5.45014    -0.829743
5.45187    -0.696096
5.4536    -0.531537
5.45533    -0.348989
5.45706    -0.161536
5.4588    0.0198627
5.46053    0.187973
5.46226    0.339885
5.46399    0.476579
5.46572    0.601645
5.46745    0.719523
5.46918    0.833729
5.47091    0.945505
5.47265    1.05318
5.47438    1.15236
5.47611    1.23684
5.47784    1.3
5.47957    1.33628
5.4813    1.3424
5.48303    1.31819
5.48476    1.26663
5.4865    1.1935
5.48823    1.10647
5.48996    1.01405
5.49169    0.924623
5.49342    0.845549
5.49515    0.782635
5.49688    0.739779
5.49861    0.718783
5.50035    0.719241
5.50208    0.738449
5.50381    0.771352
5.50554    0.810629
5.50727    0.847029
5.509    0.870063
5.51073    0.869086
5.51247    0.834688
5.5142    0.760207
5.51593    0.643047
5.51766    0.485522
5.51939    0.294935
5.52112    0.0827935
5.52285    -0.136789
5.52458    -0.349247
5.52632    -0.541852
5.52805    -0.705688
5.52978    -0.836861
5.53151    -0.936679
5.53324    -1.01076
5.53497    -1.06723
5.5367    -1.11449
5.53843    -1.15897
5.54017    -1.20348
5.5419    -1.24654
5.54363    -1.2828
5.54536    -1.30451
5.54709    -1.30366
5.54882    -1.27431
5.55055    -1.21451
5.55229    -1.12741
5.55402    -1.02116
5.55575    -0.907785
5.55748    -0.801067
5.55921    -0.714052
5.56094    -0.656599
5.56267    -0.633539
5.5644    -0.643776
5.56614    -0.680488
5.56787    -0.732333
5.5696    -0.785367
5.57133    -0.825266
5.57306    -0.839426
5.57479    -0.818573
5.57652    -0.757685
5.57825    -0.656166
5.57999    -0.517393
5.58172    -0.347842
5.58345    -0.156022
5.58518    0.0485527
5.58691    0.256236
5.58864    0.457915
5.59037    0.645507
5.59211    0.812327
5.59384    0.953419
5.59557    1.06582
5.5973    1.14878
5.59903    1.20374
5.60076    1.23416
5.60249    1.24494
5.60422    1.24166
5.60596    1.22961
5.60769    1.21282
5.60942    1.19339
5.61115    1.17124
5.61288    1.14439
5.61461    1.10983
5.61634    1.0647
5.61807    1.00756
5.61981    0.939471
5.62154    0.864402
5.62327    0.788999
5.625    0.721499
5.62673    0.670066
5.62846    0.640847
5.63019    0.636199
5.63193    0.653524
5.63366    0.685025
5.63539    0.718537
5.63712    0.739327
5.63885    0.732544
5.64058    0.685851
5.64231    0.591709
5.64404    0.44885
5.64578    0.262639
5.64751    0.0442597
5.64924    -0.191099
5.65097    -0.42667
5.6527    -0.646675
5.65443    -0.838519
5.65616    -0.994235
5.65789    -1.11098
5.65963    -1.19055
5.66136    -1.23819
5.66309    -1.26098
5.66482    -1.26615
5.66655    -1.25981
5.66828    -1.24613
5.67001    -1.22715
5.67175    -1.20319
5.67348    -1.1735
5.67521    -1.13709
5.67694    -1.09341
5.67867    -1.04279
5.6804    -0.986587
5.68213    -0.92701
5.68386    -0.866829
5.6856    -0.808988
5.68733    -0.75627
5.68906    -0.711025
5.69079    -0.67495
5.69252    -0.648891
5.69425    -0.632599
5.69598    -0.62444
5.69771    -0.621108
5.69945    -0.617452
5.70118    -0.606544
5.70291    -0.580131
5.70464    -0.52952
5.70637    -0.446855
5.7081    -0.326621
5.70983    -0.167079
5.71157    0.0286681
5.7133    0.252312
5.71503    0.490859
5.71676    0.728062
5.71849    0.946599
5.72022    1.13062
5.72195    1.2682
5.72368    1.35322
5.72542    1.38622
5.72715    1.37413
5.72888    1.32874
5.73061    1.26442
5.73234    1.1954
5.73407    1.13324
5.7358    1.08498
5.73753    1.05239
5.73927    1.03236
5.741    1.01836
5.74273    1.00251
5.74446    0.977863
5.74619    0.940194
5.74792    0.889102
5.74965    0.828016
5.75139    0.763248
5.75312    0.702318
5.75485    0.651979
5.75658    0.616419
5.75831    0.596054
5.76004    0.587164
5.76177    0.582432
5.7635    0.572218
5.76524    0.546276
5.76697    0.495532
5.7687    0.413557
5.77043    0.29751
5.77216    0.14843
5.77389    -0.0290699
5.77562    -0.227531
5.77735    -0.437605
5.77909    -0.649023
5.78082    -0.851439
5.78255    -1.03512
5.78428    -1.19147
5.78601    -1.31354
5.78774    -1.39648
5.78947    -1.438
5.7912    -1.43883
5.79294    -1.4029
5.79467    -1.33728
5.7964    -1.25156
5.79813    -1.15686
5.79986    -1.06434
5.80159    -0.983635
5.80332    -0.921316
5.80506    -0.879926
5.80679    -0.857667
5.80852    -0.848969
5.81025    -0.84581
5.81198    -0.839563
5.81371    -0.822945
5.81544    -0.79163
5.81717    -0.745135
5.81891    -0.686737
5.82064    -0.622433
5.82237    -0.559162
5.8241    -0.502718
5.82583    -0.455857
5.82756    -0.417099
5.82929    -0.38053
5.83102    -0.336731
5.83276    -0.274647
5.83449    -0.184009
5.83622    -0.0577816
5.83795    0.105917
5.83968    0.302852
5.84141    0.522885
5.84314    0.751339
5.84488    0.971209
5.84661    1.16579
5.84834    1.32118
5.85007    1.42818
5.8518    1.48333
5.85353    1.48888
5.85526    1.45191
5.85699    1.38276
5.85873    1.29325
5.86046    1.19496
5.86219    1.09789
5.86392    1.00968
5.86565    0.935252
5.86738    0.876966
5.86911    0.834966
5.87084    0.807635
5.87258    0.792026
5.87431    0.784226
5.87604    0.779697
5.87777    0.773635
5.8795    0.761401
5.88123    0.739022
5.88296    0.703707
5.8847    0.654239
5.88643    0.59113
5.88816    0.516421
5.88989    0.433104
5.89162    0.344259
5.89335    0.252081
5.89508    0.157061
5.89681    0.0575792
5.89855    -0.0499102
5.90028    -0.170039
5.90201    -0.307164
5.90374    -0.463752
5.90547    -0.638894
5.9072    -0.82736
5.90893    -1.01949
5.91066    -1.20209
5.9124    -1.36021
5.91413    -1.47956
5.91586    -1.54905
5.91759    -1.56297
5.91932    -1.52224
5.92105    -1.43456
5.92278    -1.31326
5.92452    -1.1752
5.92625    -1.03794
5.92798    -0.916912
5.92971    -0.82311
5.93144    -0.761635
5.93317    -0.731471
5.9349    -0.726372
5.93663    -0.736635
5.93837    -0.751319
5.9401    -0.760407
5.94183    -0.756482
5.94356    -0.735608
5.94529    -0.697334
5.94702    -0.643931
5.94875    -0.579145
5.95048    -0.506812
5.95222    -0.429705
5.95395    -0.348836
5.95568    -0.263347
5.95741    -0.170932
5.95914    -0.0686309
5.96087    0.0462532
5.9626    0.175321
5.96434    0.318517
5.96607    0.473906
5.9678    0.637769
5.96953    0.804923
5.97126    0.969147
5.97299    1.12362
5.97472    1.26131
5.97645    1.37535
5.97819    1.45942
5.97992    1.50827
5.98165    1.51831
5.98338    1.48831
5.98511    1.42007
5.98684    1.31882
5.98857    1.1933
5.9903    1.05513
5.99204    0.917736
5.99377    0.79459
5.9955    0.697306
5.99723    0.633729
5.99896    0.606519
6.00069    0.61252
6.00242    0.643119
6.00416    0.68561
6.00589    0.725321
6.00762    0.748135
6.00935    0.742891
6.01108    0.703192
6.01281    0.628242
6.01454    0.522552
6.01627    0.3946
6.01801    0.254762
6.01974    0.112981
6.02147    -0.023295
6.0232    -0.15045
6.02493    -0.269031
6.02666    -0.383031
6.02839    -0.498313
6.03012    -0.620586
6.03186    -0.753395
6.03359    -0.896639
6.03532    -1.04592
6.03705    -1.1929
6.03878    -1.32657
6.04051    -1.43514
6.04224    -1.50816
6.04398    -1.53839
6.04571    -1.52309
6.04744    -1.46449
6.04917    -1.36942
6.0509    -1.2482
6.05263    -1.11313
6.05436    -0.976748
6.05609    -0.850362
6.05783    -0.742884
6.05956    -0.660146
6.06129    -0.604669
6.06302    -0.575799
6.06475    -0.570077
6.06648    -0.581742
6.06821    -0.60331
6.06994    -0.626198
6.07168    -0.641437
6.07341    -0.640467
6.07514    -0.616014
6.07687    -0.562959
6.0786    -0.479077
6.08033    -0.365461
6.08206    -0.226503
6.0838    -0.0693337
6.08553    0.0972398
6.08726    0.264142
6.08899    0.423522
6.09072    0.569999
6.09245    0.701382
6.09418    0.818645
6.09591    0.925134
6.09765    1.02516
6.09938    1.12231
6.10111    1.21782
6.10284    1.30959
6.10457    1.39192
6.1063    1.45634
6.10803    1.49319
6.10976    1.49381
6.1115    1.45277
6.11323    1.36959
6.11496    1.24962
6.11669    1.10373
6.11842    0.946836
6.12015    0.79562
6.12188    0.665707
6.12361    0.569067
6.12535    0.512034
6.12708    0.494381
6.12881    0.509595
6.13054    0.546239
6.13227    0.590091
6.134    0.626584
6.13573    0.64306
6.13747    0.630444
6.1392    0.58407
6.14093    0.503657
6.14266    0.392563
6.14439    0.256604
6.14612    0.102775
6.14785    -0.0618561
6.14958    -0.230887
6.15132    -0.398922
6.15305    -0.561574
6.15478    -0.715286
6.15651    -0.857128
6.15824    -0.984685
6.15997    -1.09608
6.1617    -1.19009
6.16343    -1.26622
6.16517    -1.32466
6.1669    -1.36609
6.16863    -1.39128
6.17036    -1.40058
6.17209    -1.39359
6.17382    -1.36905
6.17555    -1.32511
6.17729    -1.26007
6.17902    -1.17331
6.18075    -1.06638
6.18248    -0.94373
6.18421    -0.812955
6.18594    -0.684254
6.18767    -0.569128
6.1894    -0.478479
6.19114    -0.420474
6.19287    -0.398615
6.1946    -0.410509
6.19633    -0.447666
6.19806    -0.496479
6.19979    -0.540268
6.20152    -0.562032
6.20325    -0.547378
6.20499    -0.487024
6.20672    -0.378375
6.20845    -0.225852
6.21018    -0.0399129
6.21191    0.165001
6.21364    0.373131
6.21537    0.570122
6.21711    0.745219
6.21884    0.892536
6.22057    1.01119
6.2223    1.10439
6.22403    1.17773
6.22576    1.23725
6.22749    1.28761
6.22922    1.33086
6.23096    1.36608
6.23269    1.38978
6.23442    1.39705
6.23615    1.38298
6.23788    1.34409
6.23961    1.27946
6.24134    1.19113
6.24307    1.08408
6.24481    0.965489
6.24654    0.843725
6.24827    0.727227
6.25    0.62346
6.25173    0.53813
6.25346    0.474709
6.25519    0.434225
6.25693    0.415271
6.25866    0.414121
6.26039    0.424953
6.26212    0.440149
6.26385    0.450755
6.26558    0.447147
6.26731    0.41995
6.26904    0.361176
6.27078    0.265446
6.27251    0.131098
6.27424    -0.0390628
6.27597    -0.237623
6.2777    -0.453141
6.27943    -0.671475
6.28116    -0.877675
6.28289    -1.05813
6.28463    -1.20259
6.28636    -1.30558
6.28809    -1.36703
6.28982    -1.39184
6.29155    -1.38851
6.29328    -1.36716
6.29501    -1.3373
6.29675    -1.30588
6.29848    -1.27607
6.30021    -1.24691
6.30194    -1.21411
6.30367    -1.17157
6.3054    -1.11339
6.30713    -1.03582
6.30886    -0.938775
6.3106    -0.826344
6.31233    -0.70644
6.31406    -0.589427
6.31579    -0.486151
6.31752    -0.405766
6.31925    -0.353835
6.32098    -0.3311
6.32271    -0.333172
6.32445    -0.351178
6.32618    -0.3732
6.32791    -0.386203
6.32964    -0.378055
6.33137    -0.339273
6.3331    -0.264226
6.33483    -0.151647
6.33657    -0.00448181
6.3383    0.1708
6.34003    0.365207
6.34176    0.568344
6.34349    0.769457
6.34522    0.958313
6.34695    1.12589
6.34868    1.26487
6.35042    1.3701
6.35215    1.43882
6.35388    1.47089
6.35561    1.4688
6.35734    1.43743
6.35907    1.38354
6.3608    1.31489
6.36253    1.23924
6.36427    1.16314
6.366    1.09105
6.36773    1.02473
6.36946    0.963193
6.37119    0.903348
6.37292    0.841077
6.37465    0.77265
6.37639    0.696085
6.37812    0.612119
6.37985    0.524501
6.38158    0.439456
6.38331    0.364386
6.38504    0.306043
6.38677    0.268593
6.3885    0.252033
6.39024    0.251382
6.39197    0.256924
6.3937    0.25553
6.39543    0.232882
6.39716    0.176146
6.39889    0.0765714
6.40062    -0.0685398
6.40235    -0.25493
6.40409    -0.471754
6.40582    -0.703161
6.40755    -0.930783
6.40928    -1.13662
6.41101    -1.30577
6.41274    -1.42845
6.41447    -1.50099
6.4162    -1.52572
6.41794    -1.50974
6.41967    -1.46308
6.4214    -1.39661
6.42313    -1.32013
6.42486    -1.24105
6.42659    -1.16379
6.42832    -1.08997
6.43006    -1.01912
6.43179    -0.949706
6.43352    -0.880098
6.43525    -0.809331
6.43698    -0.737441
6.43871    -0.665422
6.44044    -0.594882
6.44217    -0.527585
6.44391    -0.465018
6.44564    -0.408113
6.44737    -0.35714
6.4491    -0.311735
6.45083    -0.270964
6.45256    -0.233326
6.45429    -0.196661
6.45602    -0.157976
6.45776    -0.113305
6.45949    -0.057734
6.46122    0.014258
6.46295    0.108077
6.46468    0.227953
6.46641    0.375711
6.46814    0.549636
6.46988    0.743753
6.47161    0.947802
6.47334    1.14805
6.47507    1.32893
6.4768    1.47523
6.47853    1.57454
6.48026    1.61937
6.48199    1.60853
6.48373    1.5474
6.48546    1.44712
6.48719    1.32261
6.48892    1.18998
6.49065    1.06384
6.49238    0.954911
6.49411    0.868627
6.49584    0.804821
6.49758    0.758584
6.49931    0.72203
6.50104    0.686515
6.50277    0.644804
6.5045    0.592673
6.50623    0.529633
6.50796    0.458656
6.5097    0.38504
6.51143    0.314736
6.51316    0.25257
6.51489    0.200806
6.51662    0.158365
6.51835    0.120858
6.52008    0.0813835
6.52181    0.0318817
6.52355    -0.0352946
6.52528    -0.12592
6.52701    -0.242835
6.52874    -0.38543
6.53047    -0.549709
6.5322    -0.728812
6.53393    -0.913837
6.53566    -1.09477
6.5374    -1.26139
6.53913    -1.40401
6.54086    -1.51421
6.54259    -1.58535
6.54432    -1.61318
6.54605    -1.59628
6.54778    -1.53654
6.54952    -1.43927
6.55125    -1.3131
6.55298    -1.1693
6.55471    -1.02064
6.55644    -0.879865
6.55817    -0.757934
6.5599    -0.662392
6.56163    -0.596199
6.56337    -0.557305
6.5651    -0.539122
6.56683    -0.531859
6.56856    -0.524485
6.57029    -0.50693
6.57202    -0.472056
6.57375    -0.416943
6.57548    -0.343223
6.57722    -0.256348
6.57895    -0.163972
6.58068    -0.0738288
6.58241    0.00840278
6.58414    0.0807185
6.58587    0.145492
6.5876    0.209073
6.58934    0.280337
6.59107    0.368524
6.5928    0.480828
6.59453    0.62031
6.59626    0.784599
6.59799    0.9657
6.59972    1.15094
6.60145    1.32491
6.60319    1.4719
6.60492    1.57844
6.60665    1.63541
6.60838    1.63927
6.61011    1.59231
6.61184    1.50196
6.61357    1.37931
6.6153    1.23728
6.61704    1.08875
6.61877    0.944974
6.6205    0.814616
6.62223    0.703253
6.62396    0.613446
6.62569    0.545143
6.62742    0.496233
6.62916    0.463111
6.63089    0.441151
6.63262    0.425093
6.63435    0.40939
6.63608    0.388576
6.63781    0.357719
6.63954    0.312929
6.64127    0.251844
6.64301    0.173989
6.64474    0.0808505
6.64647    -0.0244029
6.6482    -0.137563
6.64993    -0.254284
6.65166    -0.371048
6.65339    -0.485943
6.65512    -0.599018
6.65686    -0.712073
6.65859    -0.827855
6.66032    -0.948821
6.66205    -1.07573
6.66378    -1.20645
6.66551    -1.3353
6.66724    -1.45324
6.66898    -1.54891
6.67071    -1.6104
6.67244    -1.62754
6.67417    -1.59404
6.6759    -1.50922
6.67763    -1.37871
6.67936    -1.21408
6.68109    -1.03129
6.68283    -0.848298
6.68456    -0.682224
6.68629    -0.546654
6.68802    -0.449603
6.68975    -0.392519
6.69148    -0.370481
6.69321    -0.373528
6.69494    -0.388774
6.69668    -0.402868
6.69841    -0.404284
6.70014    -0.385007
6.70187    -0.34135
6.7036    -0.273826
6.70533    -0.186236
6.70706    -0.0842514
6.7088    0.0261232
6.71053    0.139855
6.71226    0.253705
6.71399    0.366449
6.71572    0.478549
6.71745    0.591432
6.71918    0.706609
6.72091    0.824862
6.72265    0.94568
6.72438    1.06701
6.72611    1.18533
6.72784    1.29594
6.72957    1.39343
6.7313    1.4721
6.73303    1.52645
6.73476    1.55159
6.7365    1.54368
6.73823    1.50041
6.73996    1.42152
6.74169    1.30929
6.74342    1.16887
6.74515    1.00839
6.74688    0.838566
6.74861    0.671782
6.75035    0.520729
6.75208    0.396668
6.75381    0.307644
6.75554    0.256995
6.75727    0.242494
6.759    0.256388
6.76073    0.286403
6.76247    0.31763
6.7642    0.334947
6.76593    0.32555
6.76766    0.281075
6.76939    0.198887
6.77112    0.0822645
6.77285    -0.0605535
6.77458    -0.218237
6.77632    -0.378735
6.77805    -0.531626
6.77978    -0.669924
6.78151    -0.790972
6.78324    -0.896247
6.78497    -0.990184
